 , China, Japan, Switzerland, Saudi Arabia, United States, Hong Kong, Russia, South Korea, Brazil, India, Singapore, Germany, Mexico, Thailand, France, Italy, United Kingdom, Algeria, Indonesia, Poland, Turkey, Israel, Malaysia, Czech Republic, United Arab Emirates, Canada, Philippines, Libya, Denmark, Spain, Peru, Norway, Sweden, Australia, Lebanon, South Africa, Colombia, Iraq, Chile, Romania, Argentina, Vietnam, Netherlands, Kuwait, Bangladesh, Qatar, Nigeria, Kazakhstan, Hungary, Morocco
China, 0.0, 2099.756231672181, 8074.2898099708555, 6600.405468937408, 11147.791595780838, 1959.946706555792, 5792.60033975077, 955.679047747884, 16930.427296981365, 3779.5703324375036, 4479.022757307709, 7355.654827859621, 12458.068192397046, 3296.0604763059596, 8214.861739929596, 8123.763877393346, 8137.101743879674, 9109.317901654056, 5217.372286152008, 6938.4580956403215, 6830.259690298148, 7118.128875141936, 4345.728087433982, 7451.480258104499, 5960.838088283101, 10450.24113067616, 2850.2417026396092, 8717.39392737647, 7199.022291819429, 9220.311019520166, 16647.40464283052, 7022.11362305162, 6706.671426989162, 9008.412412957385, 6973.095348680337, 11657.916644241974, 14950.50715917881, 6291.190949628431, 19060.637231473556, 7058.631917474406, 19278.044028869364, 2325.551467123371, 7820.373149782316, 6216.436775568658, 3025.900784580068, 6152.884199261465, 10924.275949999763, 3652.452064144287, 7335.280521094176, 9938.27883482166
Japan, 2099.756231672181, 0.0, 9671.36435056982, 8698.659702654235, 10905.344062439828, 2884.0051113899767, 7483.192235406761, 1157.2161602186957, 17675.033099772052, 5844.129438240262, 5322.532736664166, 8919.82215722022, 11301.925199902893, 4606.797616441292, 9714.858536400354, 9858.016269996058, 9560.544488968626, 10803.721625670318, 5786.4864909667895, 8581.107325183493, 8766.691659906961, 9151.341620747817, 5322.402119439874, 9071.939377278817, 8059.062767509095, 10319.947275895704, 2999.5908964242326, 10580.681112747892, 8692.738309313978, 10765.922933930522, 15486.573036340073, 8407.553605789537, 8172.697158197344, 7948.993759716048, 8989.99648788932, 13503.433286604879, 14314.955077831775, 8349.923964959073, 17230.03169881158, 8882.366322664258, 18338.332614249288, 3670.078783668391, 9292.337044890362, 8305.278979758325, 4895.165499467948, 8252.635027295788, 12958.860971643197, 5562.749448349543, 9047.167888851382, 11522.338529123877
Switzerland, 8074.2898099708555, 9671.36435056982, 0.0, 4251.486575305286, 6599.772157951673, 9386.015894960672, 2288.304268254639, 8865.396692989123, 8888.483817174356, 6241.040464258094, 10387.263557627473, 754.2335606773484, 9631.608166384618, 9123.638614397038, 439.7572062629971, 685.2208569847357, 747.9956743350793, 1187.711822257025, 11217.57007178812, 1139.0736448953596, 2181.4246422171173, 2897.164062275418, 10071.25382491375, 624.0848996346788, 4819.159994222483, 6087.232625771684, 10514.402893560693, 1633.2884643677692, 1035.2699494916453, 1151.167658103405, 10573.020008418473, 1461.3664407816702, 1546.4907990911279, 16592.86916429859, 2759.878220938525, 8339.484483121232, 8992.66203713493, 3442.7753400693337, 11851.364952121712, 1470.1317315405847, 11206.089453540577, 8924.470308989146, 631.3484537447637, 3983.3585911609703, 7588.092389327414, 4549.182253759086, 4206.879467137379, 4536.411786479958, 879.0747580855453, 1869.398774586202
Saudi Arabia, 6600.405468937408, 8698.659702654235, 4251.486575305286, 0.0, 10842.84119703854, 6805.437516594927, 3536.76839605881, 7553.032369643192, 11185.489854922482, 3055.1371119132605, 6655.29632293981, 4171.136171022703, 13874.700232305033, 5744.324204699366, 4685.4818672811325, 3678.0626678960757, 4942.876755429333, 4343.376374367406, 7348.115342198286, 3756.376408359402, 2134.090891908351, 1372.8549705249277, 6346.37054502424, 3957.4009861743048, 775.5439966769171, 10293.019097735152, 7772.768872361574, 3378.469272091899, 4420.456665537291, 4962.6454491277855, 13956.404079366426, 4796.81914215802, 4452.664415671728, 12633.361546976266, 1491.6259191880843, 5940.77847267655, 12840.870126455657, 991.0240559137573, 13937.647557487851, 2881.0499712361216, 12874.89720910248, 6028.770577307972, 4660.1642121917985, 539.2578160443336, 4414.989240540987, 492.25372851469814, 4491.009494488511, 3623.295480846285, 3515.692046949636, 5232.642804177289
United States, 11147.791595780838, 10905.344062439828, 6599.772157951673, 10842.84119703854, 0.0, 13103.518762159229, 7820.98177204462, 11168.989645877855, 6789.631255725137, 12048.001881146725, 15547.911479430002, 6709.729295532877, 3032.554670378768, 14156.836891164574, 6162.249910700439, 7214.804743429789, 5900.105040185314, 6793.43449815101, 16356.976530348269, 7175.540959167008, 8724.049902455765, 9496.927278919698, 15337.437553771937, 6899.826149004555, 11344.157342848786, 734.3065159678121, 13781.490339326852, 7804.680510091573, 6511.92115303738, 6088.812607205683, 5663.5306052914275, 6232.256833272336, 6634.861773765475, 15946.011241737415, 9353.59535567586, 13026.51538197459, 3823.4862701364436, 9968.67776778904, 8069.586110845863, 7976.10316657694, 8384.265787581448, 13346.042802548887, 6190.865042391631, 10523.836955891562, 12931.720192688737, 11098.350533414663, 8904.124923577905, 9540.941566617012, 7336.441263085196, 6144.165365896929
Hong Kong, 1959.946706555792, 2884.0051113899767, 9386.015894960672, 6805.437516594927, 13103.518762159229, 0.0, 7130.929798385543, 2087.430260921245, 17990.409036520716, 3752.984480847993, 2596.5384389640117, 8739.047905094858, 14126.80879533326, 1727.0979302539686, 9616.487182396033, 9268.320640380784, 9610.28116129219, 10251.188294598442, 3273.7822621802397, 8262.063432797691, 7712.404669160567, 7714.185651500543, 2522.482801766125, 8771.137943461166, 6051.21085466248, 12409.466893463781, 1128.3902067892063, 9628.416362811637, 8656.78308062623, 10526.468930679372, 18364.922039073525, 8577.349947184191, 8213.105602605832, 7398.29628182262, 7634.371803203873, 10681.323662409812, 16883.786372107592, 6837.856499292109, 18699.94111136411, 8135.220755381487, 18488.30116428653, 866.46890886136, 9266.809188533143, 6577.537118899813, 2427.4467457401315, 6314.333497830942, 11292.422461664497, 4859.650152359611, 8553.924107757752, 11165.160415817572
Russia, 5792.60033975077, 7483.192235406761, 2288.304268254639, 3536.76839605881, 7820.98177204462, 7130.929798385543, 0.0, 6608.464553696789, 11176.787219110916, 4343.9673517652445, 8429.782563739303, 1608.1730539956284, 10719.110464532725, 7066.821876921027, 2485.7299990578063, 2375.013717445628, 2497.0996187586325, 3336.358591930034, 9306.887426624457, 1149.2407556872536, 1792.8141663503345, 2673.215048516656, 8125.565879268056, 1664.2403742024471, 3737.174688473117, 7158.319165591503, 8257.344429350822, 3165.48620585383, 1558.732668590522, 3439.189921847959, 12644.078302348646, 1642.69680264743, 1227.509568690967, 14481.439111251873, 2438.6748415912634, 9100.52146212208, 10908.740487502226, 2547.313189449826, 14129.70320637381, 1497.8572442064017, 13489.697743347151, 6735.307466967877, 2145.9233381837644, 3046.4755389394113, 5549.656284377217, 3571.406614677901, 5816.018518684253, 2271.7436804346894, 1565.3464709436162, 4145.974186045206
South Korea, 955.679047747884, 1157.2161602186957, 8865.396692989123, 7553.032369643192, 11168.989645877855, 2087.430260921245, 6608.464553696789, 0.0, 17543.370278593702, 4688.789518190235, 4675.940804432776, 8129.045708681112, 12052.508276142687, 3720.8439623976456, 8967.597634839343, 8968.937408413614, 8857.825848826402, 9943.603337536233, 5291.66989602634, 7741.4534026656365, 7746.018100714603, 8064.549924749653, 4609.865277329541, 8248.429121193247, 6904.630049395097, 10513.935530256435, 2620.1158345548406, 9612.061714801239, 7942.0943997827735, 9997.657627814422, 16307.211288508088, 7717.942254715921, 7434.24482807595, 8413.122540724682, 7914.93451762968, 12444.007453261574, 14846.425723494835, 7243.222893827533, 18356.433331783686, 7933.8318963095435, 19409.69827834986, 2739.499227394399, 8558.879308016594, 7172.044972186559, 3792.507455326313, 7102.148522322999, 11873.401311088399, 4547.839281004029, 8168.216793223794, 10734.732911936151
Brazil, 16930.427296981365, 17675.033099772052, 8888.483817174356, 11185.489854922482, 6789.631255725137, 17990.409036520716, 11176.787219110916, 17543.370278593702, 0.0, 14237.436262453624, 16525.272488617942, 9591.713663372026, 6832.939238814467, 16616.521462601846, 8725.295581193972, 8905.384376185826, 8794.43611455524, 7913.227358219204, 16314.312714874164, 10027.55490177369, 10367.126410042274, 10298.271563333228, 16407.214808801906, 9512.54943027639, 11942.022092873427, 7358.759542411908, 18815.08561013159, 8443.230703972435, 9735.743546421229, 7737.7214896747155, 3169.0257720438076, 9908.955168768649, 10224.63643340265, 14060.513126184143, 10389.829445696638, 7893.490832288804, 3664.639600606195, 11173.34231951396, 3011.1462644200506, 10015.261906186037, 2349.8936404308965, 17190.115085811725, 9114.230913290809, 11416.488413436327, 15580.555516924094, 11676.868580285778, 6701.388826920308, 13398.615835240882, 9666.647796747928, 7041.669683803061
India, 3779.5703324375036, 5844.129438240262, 6241.040464258094, 3055.1371119132605, 12048.001881146725, 3752.984480847993, 4343.9673517652445, 4688.789518190235, 14237.436262453624, 0.0, 4150.0980364721945, 5781.468344401088, 14659.516292142669, 2917.7359129721203, 6588.099571951245, 5917.432919667041, 6708.844524459402, 6828.401995682128, 5000.791938317795, 5265.109473250246, 4216.998568513978, 4024.4899231117956, 3835.9140237449633, 5704.255763241545, 2313.7405536154974, 11340.47934173915, 4754.3923837325865, 6044.274738991996, 5847.352117381467, 7272.791077728402, 16773.229447173482, 5986.664073940442, 5571.450445786132, 10352.232687675041, 3980.6884443357444, 7988.63831829508, 15212.929786446828, 3158.075863778109, 16918.67428669144, 4805.045193415796, 15815.595428802824, 3002.934803077106, 6356.543457176935, 2837.3528150403336, 1423.7957982156202, 2565.826166880781, 7545.981623190946, 2555.4192507964453, 5362.189390177849, 7772.555062400244
Singapore, 4479.022757307709, 5322.532736664166, 10387.263557627473, 6655.29632293981, 15547.911479430002, 2596.5384389640117, 8429.782563739303, 4675.940804432776, 16525.272488617942, 4150.0980364721945, 0.0, 9924.755158596618, 16609.50471924343, 1433.9115605096856, 10738.195751639121, 10025.322858438329, 10853.108924026454, 10881.207118785655, 891.4698223277909, 9408.483533704422, 8304.31634491964, 7920.880264410338, 317.67631027881487, 9854.10198916803, 5904.149911598684, 14822.094248448202, 2393.422447739597, 9993.865100553014, 9969.127671458242, 11387.097476159226, 18813.781432464, 10056.734684939853, 9646.69087415704, 6209.965923782335, 7940.759690485427, 8634.745974399955, 19321.767156071608, 7127.106477383505, 16392.895050015064, 8937.60801136803, 15891.868401415688, 2206.792088883583, 10499.21888365642, 6674.145472495098, 2884.8705830371155, 6204.043694164397, 10678.250843474294, 6323.508744238159, 9509.34039355127, 11815.14790606641
Germany, 7355.654827859621, 8919.82215722022, 754.2335606773484, 4171.136171022703, 6709.729295532877, 8739.047905094858, 1608.1730539956284, 8129.045708681112, 9591.713663372026, 5781.468344401088, 9924.755158596618, 0.0, 9726.494991956051, 8605.174710526186, 877.5904169108021, 1182.5222914480396, 928.3880312160188, 1930.4794193441232, 10782.243199968161, 516.4288604425714, 2037.2838886065836, 2902.240751759114, 9613.179198824479, 280.54446509025854, 4634.454897376873, 6128.860301851051, 9865.512489355951, 2183.2074095344433, 354.28313421911855, 1869.0450981610436, 11098.068750318764, 838.8239330555417, 810.9714939902304, 16066.004005121447, 2718.0556636247875, 8815.734117467986, 9431.618613322315, 3260.825722163176, 12524.830250944506, 1294.3412244836616, 11923.023539140926, 8328.352702869493, 575.0844123906971, 3816.712005979516, 7072.974418167463, 4391.280385426047, 4858.661012609688, 3879.5738833056694, 689.5584249854912, 2610.058763882311
Mexico, 12458.068192397046, 11301.925199902893, 9631.608166384618, 13874.700232305033, 3032.554670378768, 14126.80879533326, 10719.110464532725, 12052.508276142687, 6832.939238814467, 14659.516292142669, 16609.50471924343, 9726.494991956051, 0.0, 15744.032671180497, 9194.507937317072, 10239.401996484126, 8931.85257491023, 9755.153451729888, 16845.575563022263, 10178.06420902961, 11751.236555802529, 12528.669208841737, 16623.879255528147, 9925.204798498862, 14352.740828394684, 3602.742100760791, 14221.01840147137, 10773.053085039512, 9510.488571104741, 9064.844709879762, 4255.087928252207, 9195.438167895296, 9583.895912723528, 13176.946547535355, 12386.081731793773, 14598.235615794796, 3176.516368570185, 12986.984343211208, 6610.408572307544, 11002.642108387716, 7373.092056083711, 14757.860808589894, 9218.186128253514, 13542.982583150251, 15106.95714727368, 14117.378931356028, 11385.131850575961, 12110.601542071876, 10364.037892847722, 9019.053263914244
Thailand, 3296.0604763059596, 4606.797616441292, 9123.638614397038, 5744.324204699366, 14156.836891164574, 1727.0979302539686, 7066.821876921027, 3720.8439623976456, 16616.521462601846, 2917.7359129721203, 1433.9115605096856, 8605.174710526186, 15744.032671180497, 0.0, 9445.721840488195, 8831.506443986154, 9530.64804261538, 9745.782102275189, 2321.2477702059587, 8092.135687478981, 7134.714060759796, 6887.098825618615, 1183.966318629458, 8560.14978686528, 4969.19770129986, 13425.034350705842, 2205.991421699145, 8940.121799175005, 8620.276799501917, 10182.184176218423, 19690.605636346354, 8674.89705729485, 8269.745202578611, 7475.438702291892, 6867.878170834808, 8964.21251590203, 17889.41926069068, 6041.741104428331, 17650.194986430408, 7710.895344669164, 16894.42115826212, 987.7166846949476, 9175.09610255573, 5654.65277673037, 1535.8920769245865, 5261.5974158337385, 10086.522454007807, 4910.760532290767, 8245.947989752414, 10689.909515848429
France, 8214.861739929596, 9714.858536400354, 439.7572062629971, 4685.4818672811325, 6162.249910700439, 9616.487182396033, 2485.7299990578063, 8967.597634839343, 8725.295581193972, 6588.099571951245, 10738.195751639121, 877.5904169108021, 9194.507937317072, 9445.721840488195, 0.0, 1106.5616417584947, 339.5846683096421, 1348.5627458380957, 11581.032140304704, 1366.896333476844, 2599.2173626407084, 3334.9377435393344, 10423.807187537584, 886.0176848378079, 5241.036647648912, 5647.475436229115, 10743.072308315772, 1992.4135820557876, 1026.6463749997827, 1054.1656568506635, 10254.255677556937, 1341.6313628617118, 1542.9430995424118, 16919.884012227983, 3194.037396106512, 8681.381505875464, 8630.911466472757, 3861.414904348016, 11648.245685150898, 1871.3047012983993, 11063.23890433704, 9197.395535592925, 428.01467726545786, 4406.200071703291, 7910.398520389089, 4974.628759490187, 4450.2555462374685, 4756.895538064521, 1248.5095777290558, 1815.7252603741442
Italy, 8123.763877393346, 9858.016269996058, 685.2208569847357, 3678.0626678960757, 7214.804743429789, 9268.320640380784, 2375.013717445628, 8968.937408413614, 8905.384376185826, 5917.432919667041, 10025.322858438329, 1182.5222914480396, 10239.401996484126, 8831.506443986154, 1106.5616417584947, 0.0, 1430.5647029437212, 992.1703273462699, 10823.046618222403, 1317.1881612269106, 1722.4917367676426, 2306.691499956924, 9707.666504505418, 922.6630493877115, 4297.6867419109385, 6728.83036629812, 10390.087137055276, 1004.4130802052257, 1530.800607997717, 1361.78569690769, 10860.564254040184, 2006.8754385813893, 1976.2149867510448, 16217.049912210317, 2199.672980361187, 7688.992224616479, 9382.242145476821, 2948.174712049986, 11909.007421562928, 1138.1990872500444, 11167.580100580815, 8731.878714549543, 1293.6784650057198, 3465.1214855658986, 7307.265979473693, 4015.257047846463, 3681.146024297647, 4496.870357469804, 811.7001366395743, 1899.5932235570256
United Kingdom, 8137.101743879674, 9560.544488968626, 747.9956743350793, 4942.876755429333, 5900.105040185314, 9610.28116129219, 2497.0996187586325, 8857.825848826402, 8794.43611455524, 6708.844524459402, 10853.108924026454, 928.3880312160188, 8931.85257491023, 9530.64804261538, 339.5846683096421, 1430.5647029437212, 0.0, 1658.6818390987487, 11709.583420365512, 1444.6332176213427, 2830.6624383483686, 3608.1090226246756, 10541.412047473961, 1033.0182089558277, 5469.575227754481, 5364.618546077163, 10731.858634209702, 2331.9175129672876, 953.908599474643, 1264.8464243062563, 10173.75945403446, 1152.993430418187, 1430.4600432514603, 16978.127377942117, 3455.3561478462525, 9019.237988929919, 8504.088762136422, 4087.8359057950966, 11674.760015477099, 2087.6719996735083, 11141.559099962058, 9232.313297336046, 355.5712856674421, 4638.5919658610865, 7999.6615020387035, 5210.863794016132, 4767.522178143368, 4761.37819875185, 1448.8992099359366, 2018.1641164140576
Algeria, 9109.317901654056, 10803.721625670318, 1187.711822257025, 4343.376374367406, 6793.43449815101, 10251.188294598442, 3336.358591930034, 9943.603337536233, 7913.227358219204, 6828.401995682128, 10881.207118785655, 1930.4794193441232, 9755.153451729888, 9745.782102275189, 1348.5627458380957, 992.1703273462699, 1658.6818390987487, 0.0, 11642.66522670205, 2222.7595186682697, 2612.061027305054, 2994.6486856517554, 10564.256748763146, 1741.5148526238113, 5035.018925663661, 6404.495189374332, 11369.851278695436, 1017.9747585046775, 2222.830937718558, 711.9364194889723, 9945.016882962786, 2634.0465750638095, 2732.935604479553, 16975.78759450472, 2947.8345897628965, 7427.507292149015, 8556.223406020348, 3754.5030309606827, 10917.557518143889, 2116.119607975611, 10179.818137718186, 9694.880025263446, 1740.783433269325, 4226.540840106148, 8235.48646198813, 4740.011298744493, 3109.447937112732, 5488.547893346844, 1776.0647998299396, 944.1530746402055
Indonesia, 5217.372286152008, 5786.4864909667895, 11217.57007178812, 7348.115342198286, 16356.976530348269, 3273.7822621802397, 9306.887426624457, 5291.66989602634, 16314.312714874164, 5000.791938317795, 891.4698223277909, 10782.243199968161, 16845.575563022263, 2321.2477702059587, 11581.032140304704, 10823.046618222403, 11709.583420365512, 11642.66522670205, 0.0, 10265.862529374435, 9100.952632242728, 8656.393192891592, 1183.1445114228666, 10700.47001400246, 6619.883546056327, 15643.912419554897, 2786.90482653368, 10719.224706659084, 10838.755157199954, 12182.387624046094, 17944.853968449657, 10938.601392016195, 10527.250247795817, 5396.024272489592, 8694.850222527912, 8570.462898464986, 19814.40341470424, 7894.655694769807, 15601.926400663191, 9756.964464688239, 15234.445621830095, 3026.3422636522946, 11357.30858743944, 7416.86459760326, 3770.4187300130234, 6918.360384833284, 11130.379124456273, 7214.463937078742, 10343.02801306629, 12563.10417887187
Poland, 6938.4580956403215, 8581.107325183493, 1139.0736448953596, 3756.376408359402, 7175.540959167008, 8262.063432797691, 1149.2407556872536, 7741.4534026656365, 10027.55490177369, 5265.109473250246, 9408.483533704422, 516.4288604425714, 10178.06420902961, 8092.135687478981, 1366.896333476844, 1317.1881612269106, 1444.6332176213427, 2222.7595186682697, 10265.862529374435, 0.0, 1642.4993735686398, 2552.73588731869, 9096.80811520471, 515.0581796584049, 4174.9142644633475, 6575.530030891334, 9390.052220744112, 2243.825250922992, 668.2812115849367, 2290.077119819625, 11610.215406857327, 1061.0585133967115, 808.7284898138272, 15558.831426146244, 2349.3571480407913, 8696.10026200399, 9948.024989481983, 2815.6155110519335, 12986.2442471419, 946.8038566299848, 12342.76637491355, 7830.632716575813, 1091.4485094339775, 3370.5860377014483, 6559.0125577103045, 3943.102307564988, 4952.7643958373055, 3405.0422587762555, 545.689533261731, 3000.224271960461
Turkey, 6830.259690298148, 8766.691659906961, 2181.4246422171173, 2134.090891908351, 8724.049902455765, 7712.404669160567, 1792.8141663503345, 7746.018100714603, 10367.126410042274, 4216.998568513978, 8304.31634491964, 2037.2838886065836, 11751.236555802529, 7134.714060759796, 2599.2173626407084, 1722.4917367676426, 2830.6624383483686, 2612.061027305054, 9100.952632242728, 1642.4993735686398, 0.0, 932.7005310055943, 7986.640038531136, 1826.2736334599758, 2642.2994191710955, 8160.993672381783, 8812.973358035888, 1923.897799519561, 2296.8233554558547, 3083.745649240954, 12556.23119991995, 2700.3772189839915, 2394.1520538271575, 14496.17670886891, 713.967990008924, 7313.99058049618, 11104.620433764916, 1262.2591976563756, 13369.433316891847, 748.6749962417683, 12499.447741312884, 7106.105064624466, 2533.3884415196812, 1808.7576631417992, 5623.935486025372, 2380.2507653033404, 4249.28336473793, 3205.756530588627, 1387.6175677477947, 3556.083971343315
Israel, 7118.128875141936, 9151.341620747817, 2897.164062275418, 1372.8549705249277, 9496.927278919698, 7714.185651500543, 2673.215048516656, 8064.549924749653, 10298.271563333228, 4024.4899231117956, 7920.880264410338, 2902.240751759114, 12528.669208841737, 6887.098825618615, 3334.9377435393344, 2306.691499956924, 3608.1090226246756, 2994.6486856517554, 8656.393192891592, 2552.73588731869, 932.7005310055943, 0.0, 7606.357904333217, 2663.262226618183, 2040.5396304873104, 8972.562381040792, 8764.228823411459, 2073.3953034945093, 3189.6391407897963, 3595.0453041820156, 12805.49117793134, 3613.7919965289166, 3321.908985352615, 13990.263251678592, 234.83495394416173, 6433.2660434111995, 11539.248380202258, 876.3436938533913, 13230.166358981345, 1616.9604561890783, 12261.368225723529, 7017.204392372047, 3347.0809077599883, 1247.1808805541962, 5445.983754634715, 1745.4523693197802, 3810.1893660859487, 3649.1495760775315, 2220.647457470429, 3906.7125111443875
Malaysia, 4345.728087433982, 5322.402119439874, 10071.25382491375, 6346.37054502424, 15337.437553771937, 2522.482801766125, 8125.565879268056, 4609.865277329541, 16407.214808801906, 3835.9140237449633, 317.67631027881487, 9613.179198824479, 16623.879255528147, 1183.966318629458, 10423.807187537584, 9707.666504505418, 10541.412047473961, 10564.256748763146, 1183.1445114228666, 9096.80811520471, 7986.640038531136, 7606.357904333217, 0.0, 9540.169620432143, 5592.755309993379, 14606.73963304992, 2465.6631300146028, 9679.588907399419, 9661.442058785982, 11069.444089724631, 19017.763895160177, 9755.814204686427, 9344.780193324155, 6526.812447666207, 7624.731427224568, 8517.031298619222, 19032.590650900307, 6810.388022220399, 16555.601068714663, 8620.589549987773, 15975.257975520546, 2036.8136551892928, 10187.877553485765, 6359.403978175812, 2587.638306875124, 5892.6196364989, 10408.648661556228, 6036.6820303478335, 9193.581047245247, 11498.741981516509
Czech Republic, 7451.480258104499, 9071.939377278817, 624.0848996346788, 3957.4009861743048, 6899.826149004555, 8771.137943461166, 1664.2403742024471, 8248.429121193247, 9512.54943027639, 5704.255763241545, 9854.10198916803, 280.54446509025854, 9925.204798498862, 8560.14978686528, 886.0176848378079, 922.6630493877115, 1033.0182089558277, 1741.5148526238113, 10700.47001400246, 515.0581796584049, 1826.2736334599758, 2663.262226618183, 9540.169620432143, 0.0, 4451.0205034633345, 6335.70950649652, 9899.41141774033, 1915.5387165812474, 633.5109643565979, 1775.0189402398382, 11139.421393148275, 1118.370814287064, 1053.610855289764, 16035.118294054795, 2487.9787425077484, 8535.394840558856, 9512.044037208863, 3070.983313266945, 12472.655819850761, 1077.600726354292, 11829.266375191317, 8326.429136071669, 710.6409898363603, 3625.015577217702, 7024.666389144106, 4199.183260863615, 4603.807325594783, 3916.83221455483, 443.5761284961973, 2488.7706107295617
United Arab Emirates, 5960.838088283101, 8059.062767509095, 4819.159994222483, 775.5439966769171, 11344.157342848786, 6051.21085466248, 3737.174688473117, 6904.630049395097, 11942.022092873427, 2313.7405536154974, 5904.149911598684, 4634.454897376873, 14352.740828394684, 4969.19770129986, 5241.036647648912, 4297.6867419109385, 5469.575227754481, 5035.018925663661, 6619.883546056327, 4174.9142644633475, 2642.2994191710955, 2040.5396304873104, 5592.755309993379, 4451.0205034633345, 0.0, 10750.007562983765, 7003.708616138593, 4099.918306483143, 4842.28094282059, 5622.341440214161, 14731.009013728011, 5167.664697889469, 4791.138734636567, 11954.657525298438, 2103.907701266535, 6246.76379427922, 13573.55630476925, 1381.75175008784, 14636.02236462909, 3381.9131090240876, 13553.510752027776, 5263.47667201319, 5161.648472308536, 836.0632942374909, 3648.2468477470734, 299.8942632426547, 5241.236141768597, 3306.922479423083, 4021.381775440329, 5944.783080640834
Canada, 10450.24113067616, 10319.947275895704, 6087.232625771684, 10293.019097735152, 734.3065159678121, 12409.466893463781, 7158.319165591503, 10513.935530256435, 7358.759542411908, 11340.47934173915, 14822.094248448202, 6128.860301851051, 3602.742100760791, 13425.034350705842, 5647.475436229115, 6728.83036629812, 5364.618546077163, 6404.495189374332, 15643.912419554897, 6575.530030891334, 8160.993672381783, 8972.562381040792, 14606.73963304992, 6335.70950649652, 10750.007562983765, 0.0, 13133.560456779822, 7397.230108176183, 5907.808606685317, 5692.799106192809, 6391.441602753149, 5598.817081598994, 5993.310994567677, 16106.76467516717, 8814.781803569282, 13059.95429515244, 4541.320200211924, 9386.936097669965, 8784.234712783174, 7412.738724013628, 9059.240773574968, 12624.517939574405, 5633.96580557986, 9942.888669219672, 12199.976532720782, 10516.783166917063, 8762.962116905415, 8820.967078758795, 6777.377005064016, 5843.372537526174
Philippines, 2850.2417026396092, 2999.5908964242326, 10514.402893560693, 7772.768872361574, 13781.490339326852, 1128.3902067892063, 8257.344429350822, 2620.1158345548406, 18815.08561013159, 4754.3923837325865, 2393.422447739597, 9865.512489355951, 14221.01840147137, 2205.991421699145, 10743.072308315772, 10390.087137055276, 10731.858634209702, 11369.851278695436, 2786.90482653368, 9390.052220744112, 8812.973358035888, 8764.228823411459, 2465.6631300146028, 9899.41141774033, 7003.708616138593, 13133.560456779822, 0.0, 10719.842068506061, 9777.993811154185, 11654.43666892513, 18045.757893426675, 9685.749576318316, 9327.825389478172, 6289.650895606854, 8698.811463830238, 10974.213149711162, 17311.30420211083, 7889.623315245889, 17613.365419100526, 9255.002724436776, 17792.737393312145, 1751.4857479821562, 10390.111616977882, 7591.587791861251, 3358.401346064754, 7280.800153937528, 12219.24076968338, 5986.725495284718, 9681.077902826406, 12288.473460262969
Libya, 8717.39392737647, 10580.681112747892, 1633.2884643677692, 3378.469272091899, 7804.680510091573, 9628.416362811637, 3165.48620585383, 9612.061714801239, 8443.230703972435, 6044.274738991996, 9993.865100553014, 2183.2074095344433, 10773.053085039512, 8940.121799175005, 1992.4135820557876, 1004.4130802052257, 2331.9175129672876, 1017.9747585046775, 10719.224706659084, 2243.825250922992, 1923.897799519561, 2073.3953034945093, 9679.588907399419, 1915.5387165812474, 4099.918306483143, 7397.230108176183, 10719.842068506061, 0.0, 2533.79490115349, 1715.8832400193126, 10751.137395190699, 3011.213193083019, 2963.2669313655115, 15984.019651493076, 2072.632606694302, 6706.198503766995, 9473.643051175532, 2898.563605206984, 11446.859643685917, 1701.757033204637, 10598.384729181831, 8995.604322349402, 2263.893416878199, 3320.5661053554895, 7467.038581765992, 3801.045685986473, 2708.9718153624103, 5067.250418185914, 1699.9281889761069, 1855.3383777983188
Denmark, 7199.022291819429, 8692.738309313978, 1035.2699494916453, 4420.456665537291, 6511.92115303738, 8656.78308062623, 1558.732668590522, 7942.0943997827735, 9735.743546421229, 5847.352117381467, 9969.127671458242, 354.28313421911855, 9510.488571104741, 8620.276799501917, 1026.6463749997827, 1530.800607997717, 953.908599474643, 2222.830937718558, 10838.755157199954, 668.2812115849367, 2296.8233554558547, 3189.6391407897963, 9661.442058785982, 633.5109643565979, 4842.28094282059, 5907.808606685317, 9777.993811154185, 2533.79490115349, 0.0, 2073.24746492188, 11088.544449916304, 484.8601773274413, 522.0533531365372, 16034.64092514408, 2995.011004152293, 9168.546493979384, 9376.328038891927, 3483.7835604841507, 12628.346381359659, 1572.6809830544064, 12079.07562817818, 8289.693012138188, 621.5154137801558, 4038.845191605412, 7097.030963240989, 4611.374797933332, 5198.765413183157, 3811.878555305928, 1012.0401052449735, 2830.6319040364615
Spain, 9220.311019520166, 10765.922933930522, 1151.167658103405, 4962.6454491277855, 6088.812607205683, 10526.468930679372, 3439.189921847959, 9997.657627814422, 7737.7214896747155, 7272.791077728402, 11387.097476159226, 1869.0450981610436, 9064.844709879762, 10182.184176218423, 1054.1656568506635, 1361.78569690769, 1264.8464243062563, 711.9364194889723, 12182.387624046094, 2290.077119819625, 3083.745649240954, 3595.0453041820156, 11069.444089724631, 1775.0189402398382, 5622.341440214161, 5692.799106192809, 11654.43666892513, 1715.8832400193126, 2073.24746492188, 0.0, 9510.872626957123, 2389.3206503769825, 2593.4072951690264, 17571.00575497975, 3518.8014591006604, 8056.290978917979, 8022.119617551261, 4295.41719264146, 10702.133661186446, 2471.4981010633833, 10059.198762854945, 10039.664553333627, 1481.1191608253669, 4797.506203205568, 8652.850237432933, 5333.067172352195, 3654.5135716027553, 5684.57239352026, 1976.8089726707044, 761.9603053944222
Peru, 16647.40464283052, 15486.573036340073, 10573.020008418473, 13956.404079366426, 5663.5306052914275, 18364.922039073525, 12644.078302348646, 16307.211288508088, 3169.0257720438076, 16773.229447173482, 18813.781432464, 11098.068750318764, 4255.087928252207, 19690.605636346354, 10254.255677556937, 10860.564254040184, 10173.75945403446, 9945.016882962786, 17944.853968449657, 11610.215406857327, 12556.23119991995, 12805.49117793134, 19017.763895160177, 11139.421393148275, 14731.009013728011, 6391.441602753149, 18045.757893426675, 10751.137395190699, 11088.544449916304, 9510.872626957123, 0.0, 11043.088746130776, 11446.271676243972, 12855.611547734652, 12823.511123994507, 10912.097560857539, 1880.2266529395602, 13649.617382068496, 2466.395421342902, 11982.317554443505, 3118.6106034192026, 18969.568367164647, 10529.327425555937, 14039.37378609245, 18160.8999497692, 14437.565197734275, 9636.52684781957, 14817.829900034354, 11450.188194482758, 9000.878796483916
Norway, 7022.11362305162, 8407.553605789537, 1461.3664407816702, 4796.81914215802, 6232.256833272336, 8577.349947184191, 1642.69680264743, 7717.942254715921, 9908.955168768649, 5986.664073940442, 10056.734684939853, 838.8239330555417, 9195.438167895296, 8674.89705729485, 1341.6313628617118, 2006.8754385813893, 1152.993430418187, 2634.0465750638095, 10938.601392016195, 1061.0585133967115, 2700.3772189839915, 3613.7919965289166, 9755.814204686427, 1118.370814287064, 5167.664697889469, 5598.817081598994, 9685.749576318316, 3011.213193083019, 484.8601773274413, 2389.3206503769825, 11043.088746130776, 0.0, 415.32608420462515, 15974.922126608097, 3409.603861082682, 9653.113043699152, 9277.162812980601, 3836.405039421193, 12730.740783381598, 2003.9183889987987, 12258.841109551395, 8272.54053044487, 914.8944658274355, 4386.19434226486, 7172.25217230422, 4952.703359260196, 5658.814341986824, 3792.1526167114557, 1482.8929627954335, 3150.7777227458632
Sweden, 6706.671426989162, 8172.697158197344, 1546.4907990911279, 4452.664415671728, 6634.861773765475, 8213.105602605832, 1227.509568690967, 7434.24482807595, 10224.63643340265, 5571.450445786132, 9646.69087415704, 810.9714939902304, 9583.895912723528, 8269.745202578611, 1542.9430995424118, 1976.2149867510448, 1430.4600432514603, 2732.935604479553, 10527.250247795817, 808.7284898138272, 2394.1520538271575, 3321.908985352615, 9344.780193324155, 1053.610855289764, 4791.138734636567, 5993.310994567677, 9327.825389478172, 2963.2669313655115, 522.0533531365372, 2593.4072951690264, 11446.271676243972, 415.32608420462515, 0.0, 15609.62567756302, 3108.0554860030475, 9501.409039274484, 9688.491708886899, 3479.6700566649656, 13085.83577704922, 1743.509170547324, 12572.017865257489, 7885.244044319669, 1125.6309533486638, 4023.88903042988, 6762.916125079258, 4585.106361438767, 5657.334968165781, 3400.95434188575, 1317.5464964410369, 3351.8923052903874
Australia, 9008.412412957385, 7948.993759716048, 16592.86916429859, 12633.361546976266, 15946.011241737415, 7398.29628182262, 14481.439111251873, 8413.122540724682, 14060.513126184143, 10352.232687675041, 6209.965923782335, 16066.004005121447, 13176.946547535355, 7475.438702291892, 16919.884012227983, 16217.049912210317, 16978.127377942117, 16975.78759450472, 5396.024272489592, 15558.831426146244, 14496.17670886891, 13990.263251678592, 6526.812447666207, 16035.118294054795, 11954.657525298438, 16106.76467516717, 6289.650895606854, 15984.019651493076, 16034.64092514408, 17571.00575497975, 12855.611547734652, 15974.922126608097, 15609.62567756302, 0.0, 14055.923918849838, 10822.77946320397, 14427.30060731097, 13275.643256414909, 11323.743496756835, 15147.241400484576, 11728.787717276977, 7746.185472466195, 16624.96877475484, 12775.68861102844, 9011.22192652205, 12246.477937035239, 15156.10584464399, 12223.475490472698, 15713.800581247338, 17815.91715421141
Lebanon, 6973.095348680337, 8989.99648788932, 2759.878220938525, 1491.6259191880843, 9353.59535567586, 7634.371803203873, 2438.6748415912634, 7914.93451762968, 10389.829445696638, 3980.6884443357444, 7940.759690485427, 2718.0556636247875, 12386.081731793773, 6867.878170834808, 3194.037396106512, 2199.672980361187, 3455.3561478462525, 2947.8345897628965, 8694.850222527912, 2349.3571480407913, 713.967990008924, 234.83495394416173, 7624.731427224568, 2487.9787425077484, 2103.907701266535, 8814.781803569282, 8698.811463830238, 2072.632606694302, 2995.011004152293, 3518.8014591006604, 12823.511123994507, 3409.603861082682, 3108.0554860030475, 14055.923918849838, 0.0, 6668.027456752432, 11503.935003068287, 826.1580279107615, 13343.887523159206, 1425.2697689717202, 12394.628864850223, 6957.759181571312, 3181.8193622897484, 1280.9599170899153, 5404.479492800066, 1817.250308191336, 3968.941893840208, 3464.3298387871514, 2044.4036712826103, 3874.994747301452
South Africa, 11657.916644241974, 13503.433286604879, 8339.484483121232, 5940.77847267655, 13026.51538197459, 10681.323662409812, 9100.52146212208, 12444.007453261574, 7893.490832288804, 7988.63831829508, 8634.745974399955, 8815.734117467986, 14598.235615794796, 8964.21251590203, 8681.381505875464, 7688.992224616479, 9019.237988929919, 7427.507292149015, 8570.462898464986, 8696.10026200399, 7313.99058049618, 6433.2660434111995, 8517.031298619222, 8535.394840558856, 6246.76379427922, 13059.95429515244, 10974.213149711162, 6706.198503766995, 9168.546493979384, 8056.290978917979, 10912.097560857539, 9653.113043699152, 9501.409039274484, 10822.77946320397, 6668.027456752432, 0.0, 11460.705153470235, 6783.6313265462195, 9222.324587643794, 7801.444568422445, 8156.437295913232, 9851.578258704441, 8969.774966771458, 6475.491798176264, 8656.03616869957, 6197.567040755495, 4468.3560981229975, 9535.16019567302, 8190.770906675367, 7600.039035527604
Colombia, 14950.50715917881, 14314.955077831775, 8992.66203713493, 12840.870126455657, 3823.4862701364436, 16883.786372107592, 10908.740487502226, 14846.425723494835, 3664.639600606195, 15212.929786446828, 19321.767156071608, 9431.618613322315, 3176.516368570185, 17889.41926069068, 8630.911466472757, 9382.242145476821, 8504.088762136422, 8556.223406020348, 19814.40341470424, 9948.024989481983, 11104.620433764916, 11539.248380202258, 19032.590650900307, 9512.044037208863, 13573.55630476925, 4541.320200211924, 17311.30420211083, 9473.643051175532, 9376.328038891927, 8022.119617551261, 1880.2266529395602, 9277.162812980601, 9688.491708886899, 14427.30060731097, 11503.935003068287, 11460.705153470235, 0.0, 12306.679676439247, 4246.22415096689, 10451.920533813636, 4646.764557521535, 17164.78090144749, 8856.57916268499, 12780.612218384134, 16445.199582717418, 13274.633698838068, 9008.5317216289, 13000.130530629287, 9867.822263208216, 7632.965730506878
Iraq, 6291.190949628431, 8349.923964959073, 3442.7753400693337, 991.0240559137573, 9968.67776778904, 6837.856499292109, 2547.313189449826, 7243.222893827533, 11173.34231951396, 3158.075863778109, 7127.106477383505, 3260.825722163176, 12986.984343211208, 6041.741104428331, 3861.414904348016, 2948.174712049986, 4087.8359057950966, 3754.5030309606827, 7894.655694769807, 2815.6155110519335, 1262.2591976563756, 876.3436938533913, 6810.388022220399, 3070.983313266945, 1381.75175008784, 9386.936097669965, 7889.623315245889, 2898.563605206984, 3483.7835604841507, 4295.41719264146, 13649.617382068496, 3836.405039421193, 3479.6700566649656, 13275.643256414909, 826.1580279107615, 6783.6313265462195, 12306.679676439247, 0.0, 14093.268142632804, 2000.1941330995485, 13106.1917846877, 6144.106809414169, 3781.423580173581, 556.0149125043861, 4581.5361043070925, 1130.4651946067424, 4635.3950349221395, 2948.8595305852677, 2639.8372378080635, 4688.774483027036
Chile, 19060.637231473556, 17230.03169881158, 11851.364952121712, 13937.647557487851, 8069.586110845863, 18699.94111136411, 14129.70320637381, 18356.433331783686, 3011.1462644200506, 16918.67428669144, 16392.895050015064, 12524.830250944506, 6610.408572307544, 17650.194986430408, 11648.245685150898, 11909.007421562928, 11674.760015477099, 10917.557518143889, 15601.926400663191, 12986.2442471419, 13369.433316891847, 13230.166358981345, 16555.601068714663, 12472.655819850761, 14636.02236462909, 8784.234712783174, 17613.365419100526, 11446.859643685917, 12628.346381359659, 10702.133661186446, 2466.395421342902, 12730.740783381598, 13085.83577704922, 11323.743496756835, 13343.887523159206, 9222.324587643794, 4246.22415096689, 14093.268142632804, 0.0, 13024.826723028282, 1112.4838057686832, 18592.41427637196, 12012.50411036619, 14258.06899495149, 17878.19565678861, 14411.011368698284, 9487.952292851382, 16386.311746536834, 12656.692306863515, 10030.271942234383
Romania, 7058.631917474406, 8882.366322664258, 1470.1317315405847, 2881.0499712361216, 7976.10316657694, 8135.220755381487, 1497.8572442064017, 7933.8318963095435, 10015.261906186037, 4805.045193415796, 8937.60801136803, 1294.3412244836616, 11002.642108387716, 7710.895344669164, 1871.3047012983993, 1138.1990872500444, 2087.6719996735083, 2116.119607975611, 9756.964464688239, 946.8038566299848, 748.6749962417683, 1616.9604561890783, 8620.589549987773, 1077.600726354292, 3381.9131090240876, 7412.738724013628, 9255.002724436776, 1701.757033204637, 1572.6809830544064, 2471.4981010633833, 11982.317554443505, 2003.9183889987987, 1743.509170547324, 15147.241400484576, 1425.2697689717202, 7801.444568422445, 10451.920533813636, 2000.1941330995485, 13024.826723028282, 0.0, 12243.14065751965, 7593.813840744671, 1785.2383677223597, 2551.8347382757624, 6181.485223441033, 3125.0900387602874, 4318.462073070488, 3409.3166918987363, 640.230678987828, 3037.235204272102
Argentina, 19278.044028869364, 18338.332614249288, 11206.089453540577, 12874.89720910248, 8384.265787581448, 18488.30116428653, 13489.697743347151, 19409.69827834986, 2349.8936404308965, 15815.595428802824, 15891.868401415688, 11923.023539140926, 7373.092056083711, 16894.42115826212, 11063.23890433704, 11167.580100580815, 11141.559099962058, 10179.818137718186, 15234.445621830095, 12342.76637491355, 12499.447741312884, 12261.368225723529, 15975.257975520546, 11829.266375191317, 13553.510752027776, 9059.240773574968, 17792.737393312145, 10598.384729181831, 12079.07562817818, 10059.198762854945, 3118.6106034192026, 12258.841109551395, 12572.017865257489, 11728.787717276977, 12394.628864850223, 8156.437295913232, 4646.764557521535, 13106.1917846877, 1112.4838057686832, 12243.14065751965, 0.0, 17878.22945725536, 11457.74896576541, 13224.368474817604, 16793.55123989659, 13339.514080197256, 8473.502950583535, 15652.442568560195, 11951.849348195363, 9343.725808545392
